C:\Kvfile\SetupKv\StrainGauge.par
 
[]
EditB_1_1 = 10
EditB_1_2 = 10
EditB_1_3 = 2800
EditB_1_4 = 25
EditB_1_5 = 2
EditB_1_6 = 50
EditB_1_7 = 20
EditB_1_8 = 21
EditB_1_9 = 2
EditB_1_10 = 4095
EditB_1_11 = 10
EditB_1_12 = 1
EditB_1_13 = 32
EditB_1_14 = 10
EditB_2_1 = 0
EditB_2_2 = 0
EditB_2_3 = 0
EditB_2_4 = 0
EditB_2_5 = 0.000000
EditB_2_6 = 0.000000
EditB_1_15 = 2097170
