C:\Kvfile\SetupKv\Anticoll.par
 
[pargene]
D_XINFA = 0.000000
D_RINFA = 0.000000
D_XINFB = 0.000000
D_RINFB = 0.000000
D_XINFC = 0.000000
D_RINFC = 0.000000
